Q,q,P
																																																																																																			
0.9626	-0.2622	0.06745	0.05359	0.01467	0.03449	0.0363	-0.05513	-0.1079	-0.05689	-0.0087	0.0217	-0.1512	0.109	0.06043	-0.1391	0.06363	0.01634	-0.1317	-0.01743	-0.1552	-0.003247	-0.1259	0.0628	0.02201	0.01005	-0.1976	0.04757	0.05014	0.04181	-0.08018	0.03622	-0.02305	-0.1288	-0.08188	-0.03101	-0.05474	-0.1145	0.08164	-0.0747	0.07044	0.06702	-0.06233	-0.07832	0.0153	0.06208	0.08493	0.01723	0.0323	0.008672	-0.05555	-0.03396	0.1404	0.003705	0.1186	0.09518	-0.01859	-0.04839	0.1579	-0.05669	0.04992	0.077	-0.04902	-0.01185	-0.05541	-0.007183	0.069	-0.04539	-0.2348	0.01175	-0.02782	0.06244	0.06133	0.1156	0.04224	-0.06436	0.1635	-0.01396	-0.06167	0.1035	-0.1059	-0.06609	0.08641	0.04888	0.05507	-0.03669	-0.1298	0.02373	-0.06443	-0.02797	0.1188	0.05337	0.08912	-0.06558	0.02461	-0.08949	-0.1193	0.1735	-0.01097	0.007177
-0.2622	0.8956	-0.107	-0.07515	-0.0599	-0.02454	-0.09371	0.1639	-4.011e-05	-0.027	0.003144	-0.03777	0.1477	0.0653	-0.04907	-0.04247	-0.01748	0.2278	-0.03728	-0.01824	0.1294	-0.1684	0.0617	0.04384	-0.000857	-0.008504	0.08505	0.1858	0.0183	0.04069	0.03986	-0.07893	-0.01527	-0.01059	0.2403	-0.005391	0.0117	-0.00192	-0.04431	-0.0319	0.008403	0.02885	-0.09632	0.1029	-0.04985	-0.0889	-0.1468	0.07058	-0.06883	0.02005	-0.06204	-0.05307	0.005485	-0.1253	-0.1313	0.007705	-0.0634	-0.07784	-0.1189	-0.007166	-0.008377	-0.1232	-0.03786	0.07826	-0.01878	0.06535	-0.03008	-0.06768	0.02553	-0.09174	-0.03521	-0.01032	-0.04141	-0.01811	0.1655	0.135	-0.1351	0.1384	-0.1827	0.04107	-0.01326	-0.06619	-0.07858	-0.1255	-0.08431	0.07621	-0.01575	0.09313	0.0281	-0.03334	0.06118	0.08837	0.0334	0.06699	-0.01887	0.01308	0.04659	-0.09749	0.04117	0.005138
0.06745	-0.107	0.953	0.07661	-0.03881	-0.1202	-0.1081	-0.04368	0.09231	0.009439	-0.08122	-0.09916	0.08109	-0.03458	-0.05182	-0.01143	0.01634	0.01341	0.0004298	-0.007113	-0.02826	0.01995	0.0944	0.1044	0.04577	0.03536	0.07055	0.01993	-0.1335	0.09356	0.01986	0.1042	0.005014	0.1042	-0.07899	-0.112	-0.04478	0.1029	-0.03727	-0.06788	-0.05381	0.002518	0.0919	0.02595	-0.01653	-0.08636	0.04634	0.1106	-0.05465	0.1165	0.1068	-0.06439	-0.03229	0.02555	-0.02314	-0.2269	0.05048	0.01765	0.09169	0.09197	0.07139	0.01329	-0.02087	-0.1066	-0.009659	-0.0213	-0.132	0.03905	0.01893	0.1008	0.1085	0.001313	0.09097	-0.03068	-0.2133	-0.08385	-0.06789	-0.002001	0.1357	-0.01429	-0.03603	0.08292	0.2183	0.1337	0.1105	-0.04396	-0.09946	0.02545	0.1006	-0.001289	0.03144	0.003191	-0.05915	0.0568	-0.03561	-0.2006	-0.05461	-0.03851	0.05911	-0.07158
0.05359	-0.07515	0.07661	0.9832	-0.1303	0.08657	0.0531	0.005682	-0.07786	0.03839	-0.07411	-0.01256	-0.01784	-0.02369	-0.08223	0.008778	0.01008	-0.04264	0.05714	0.1141	-0.03647	-0.1758	0.1379	0.01166	0.02617	0.05422	-0.0508	-0.1616	0.1069	-0.06654	0.01808	0.01892	0.03861	0.01495	-0.01462	-0.04948	0.1026	0.07162	-0.06618	0.03041	-0.03636	0.03646	0.07254	-0.0578	-0.0194	0.04122	0.1416	0.03204	-0.08008	-0.01028	-0.1204	0.1504	-0.001127	-0.07557	0.04813	-0.0525	0.1721	-0.1136	0.07919	0.0335	-0.1048	0.05078	-0.08128	-0.06555	0.02178	-0.05994	-0.05482	0.09614	-0.05104	0.02005	0.0009836	-0.001063	0.04966	0.007941	0.003992	0.06909	0.07423	-0.1242	-0.1104	-0.04515	-0.04602	-0.1184	0.04501	0.228	-0.01233	-0.1266	-0.006828	-0.1099	-6.507e-05	0.1994	-0.1325	-0.05082	-0.1396	-0.08981	-0.01324	0.0005727	0.1026	0.04243	0.06399	-0.04807
0.01467	-0.0599	-0.03881	-0.1303	1.054	-0.004538	0.004975	-0.07055	0.005727	0.07546	0.04069	0.06374	-0.00269	-0.0381	0.001928	0.1086	-0.03102	0.0003404	0.007439	0.001261	-0.05725	-0.06364	0.05455	-0.04176	-0.00273	-0.06746	0.09076	-0.0009217	-0.1594	-0.02342	0.00794	0.1518	-0.02711	-0.1043	-0.01474	0.02695	0.01861	-0.07961	0.2091	-0.08811	-0.1391	-0.1785	-0.08872	-0.01762	-0.01906	0.008481	-0.05217	-0.1093	0.08066	0.009734	0.03128	-0.1311	0.2017	-0.02822	0.1643	-0.02473	0.1317	-0.04238	-0.1226	0.06618	0.09422	-0.05105	0.1928	-0.08317	-0.04739	0.009905	0.142	-0.01727	-0.04565	-0.03365	0.06205	0.008132	-0.1958	0.1179	0.04096	-0.006259	-0.01338	0.01091	0.007644	-0.1528	-0.02346	0.05581	-0.1267	-0.1161	-0.07235	-0.02702	-0.1794	-0.1597	-0.0269	-0.03023	0.04107	-0.07654	0.06534	-0.02032	0.02981	0.02907	-0.07222	0.08871	-0.2011	0.06021
0.03449	-0.02454	-0.1202	0.08657	-0.004538	1.211	-0.05625	0.02846	0.05731	0.1053	-0.04054	0.1114	-0.03589	-0.08714	0.1054	0.1403	-0.1084	-0.1834	0.174	0.01165	-0.08063	-0.04789	0.1176	0.02778	-0.1721	0.0604	0.0008682	0.08768	0.04988	0.002773	0.1391	0.1043	-0.03818	0.01315	0.009757	-0.02871	0.08763	0.04872	-0.1045	0.04868	0.1881	-0.0227	0.05771	0.04107	-0.05303	0.05114	-0.05236	-0.1378	-0.09256	-0.05651	0.02252	0.009082	0.04355	-0.0782	0.1676	0.03344	-0.02833	-0.01151	0.03242	0.0364	-0.01759	0.02718	-0.08388	0.01478	-0.03289	0.1453	0.2154	0.0684	0.08872	0.08459	-0.03605	-0.0353	-0.04634	-0.02095	0.07287	-0.06754	0.06435	-0.07181	0.09148	0.05243	-0.06015	-0.01669	0.07796	-0.1576	-0.03862	-0.05192	-0.1559	0.04175	0.06767	0.07122	-0.1415	-0.001029	-0.07548	0.03434	0.1603	-0.07173	0.0009054	0.1777	0.07514	0.1128
0.0363	-0.09371	-0.1081	0.0531	0.004975	-0.05625	0.7898	0.02564	0.08407	-0.1225	0.112	-0.00927	0.06016	0.08304	-0.02639	-0.08445	-0.06799	-0.01063	-0.07525	0.02461	-0.1202	-0.08317	0.04104	-0.09286	0.1171	-0.1045	0.01497	-0.01666	0.07814	-0.08491	-0.001551	-0.005098	-0.09982	-0.004585	0.07911	-0.06231	-0.1311	0.04554	-0.1111	-0.1147	0.05956	-0.08015	0.02302	-0.1225	-0.04605	0.03709	0.01222	0.01863	0.08473	0.03814	-0.006919	-0.03615	0.1138	0.02368	-0.01008	0.008536	-0.05618	0.1003	-0.2035	0.06763	0.065	0.09294	0.05122	0.1463	0.02829	-0.03487	-0.0915	0.1446	-0.02109	-0.008945	0.0801	0.1325	-0.1733	-0.0489	-0.0485	0.003161	0.1061	-0.07827	0.1812	-0.02169	-0.01528	-0.1658	-0.1099	-0.1158	-0.008365	-0.01303	-0.1272	-0.009874	-0.03684	-0.03049	0.01249	-0.02281	-0.005822	-0.1423	0.1127	-0.009632	-0.0009021	0.1132	-0.09828	0.08213
-0.05513	0.1639	-0.04368	0.005682	-0.07055	0.02846	0.02564	1.184	-0.03218	-0.05516	0.1366	-0.08222	-0.08271	-0.1841	0.1734	-0.2041	-0.006192	0.1289	-0.09331	-0.08475	0.2157	-0.01036	-0.09554	-0.02249	0.04419	-0.1819	0.07148	0.08348	-0.1794	-0.2544	0.05825	-0.08506	0.02724	0.1027	0.042	-0.01084	0.04364	-0.06	-0.1046	0.03111	0.1605	-0.03683	-0.06783	0.1371	0.02809	-0.177	0.0458	-0.1115	0.1395	-0.01236	0.06066	0.03777	0.262	0.07543	0.09958	0.05186	0.0123	-0.0004393	0.1049	0.09326	0.07006	-0.03798	0.03067	-0.04345	-0.156	-0.0518	-0.044	-0.1031	0.08744	-0.095	-0.02598	-0.03332	0.1612	0.03552	-0.1802	-0.06682	0.06058	0.1033	-0.08567	0.05409	-0.137	-0.04135	-0.1581	0.0832	0.09559	0.1257	-0.02447	-0.05582	-0.04855	0.1478	-0.03668	-0.09796	0.1161	-0.1681	-0.008027	0.03378	0.1393	-0.02066	-0.07027	-0.04866
-0.1079	-4.011e-05	0.09231	-0.07786	0.005727	0.05731	0.08407	-0.03218	0.8623	0.03098	-0.03931	0.05367	0.1177	-0.07195	-0.06809	-0.01847	-0.04073	-0.007285	-0.05778	-0.05078	-0.1188	0.06542	0.04833	-0.105	-0.07745	0.04924	0.0296	-0.04817	-0.09882	0.0245	-0.1109	-0.1397	-0.02411	0.05255	0.02037	0.07004	0.1212	-0.03745	-0.1246	-0.1947	0.009377	0.09318	0.2072	-0.1255	-0.0645	0.01423	-0.07428	-0.03779	0.05442	0.02525	0.0707	0.05094	-0.006001	-0.04675	-0.03156	0.01566	-0.03979	-0.08895	0.1251	0.002323	0.07409	-0.003653	0.05243	-0.007345	-0.08234	0.01764	0.09212	-0.07219	0.1045	-0.1072	0.03173	-0.2274	0.01937	-0.04639	-0.05573	0.05108	0.0403	-0.08296	0.274	0.1317	-0.2386	0.03925	0.01769	0.01679	-0.0275	-0.05276	0.08314	-0.09203	0.02791	0.02643	-0.02317	0.000534	-0.2048	0.02072	0.005565	-0.0989	0.00657	-0.08575	-0.07468	0.2276
-0.05689	-0.027	0.009439	0.03839	0.07546	0.1053	-0.1225	-0.05516	0.03098	1.163	0.02717	0.01063	-0.06749	0.07233	0.03996	-0.07762	-0.1391	0.0346	0.06493	0.04595	-0.07959	-0.06716	0.01976	-0.2216	0.04231	0.08476	-0.04743	0.06307	-0.0505	0.0532	0.05245	-0.05408	0.007307	-0.004539	-0.1471	0.04197	0.09211	-0.07902	-0.07218	0.1973	-0.1527	-0.07038	0.1144	0.1603	0.03639	0.02406	-0.1303	-0.04286	-0.03582	0.07704	0.02622	0.1279	-0.05154	-0.03091	0.1952	-0.06988	0.1047	0.05274	-0.05555	-0.1188	0.02354	0.004051	-0.1326	-0.02039	-0.005249	0.007505	-0.07054	-0.04836	0.05996	0.0171	0.1657	-0.07046	-0.07482	-0.003375	0.01737	0.08182	0.01049	-0.04384	0.05613	0.04728	-0.05617	0.1613	-0.01847	-0.07368	0.1131	0.08537	-0.1116	-0.001067	0.02358	0.08383	-0.02498	-0.1343	-0.06171	0.1646	-0.03162	0.1505	0.01635	0.0984	0.03113	-0.02193
-0.0087	0.003144	-0.08122	-0.07411	0.04069	-0.04054	0.112	0.1366	-0.03931	0.02717	0.763	-0.0182	-0.04805	-0.06747	-0.1084	-0.09649	0.06029	-0.06717	0.007629	-0.1416	-0.01388	0.02445	0.0004829	-0.1578	0.07113	-0.1413	0.007225	0.07806	-0.127	0.1016	0.04366	0.03286	0.09757	0.003125	-0.04329	0.1296	-0.1102	0.06096	-0.007112	-0.1	0.09164	-0.0281	-0.08588	0.1043	0.04607	-0.06728	0.04184	0.07424	0.1339	0.04864	-0.04177	-0.1017	0.08395	0.1473	0.1083	0.0568	-0.01177	0.02907	0.1503	0.0838	-0.03439	-0.01444	0.02636	0.007126	0.03724	-0.02195	0.02573	0.001636	-0.004239	-0.0527	0.03801	0.01245	0.01766	-0.01537	-0.07549	0.02619	0.02189	-0.0416	0.06651	-0.05272	-0.08792	0.03045	-0.006592	-0.08746	-0.07393	-0.09999	-0.02217	-0.1372	0.02125	0.07924	-0.0623	0.0175	0.1116	-0.05502	0.08254	0.005033	0.01332	-0.007285	0.02834	0.04668
0.0217	-0.03777	-0.09916	-0.01256	0.06374	0.1114	-0.00927	-0.08222	0.05367	0.01063	-0.0182	0.9403	-0.003862	-0.05452	-0.162	-0.001719	0.04989	-0.2022	0.01176	-0.02483	0.0669	-0.0183	0.1895	-0.07131	-0.1191	-0.0118	-0.09962	0.03965	0.05185	0.1136	-0.04163	-0.106	0.02427	0.02255	0.0003137	-0.0004565	0.1076	0.01132	0.07752	-0.04333	0.03801	-0.05484	-0.0684	-0.04188	-0.02005	-0.04803	-0.2021	-0.02832	0.05358	-0.07992	0.1786	-0.02831	-0.05798	-0.08944	0.1985	0.01634	-0.1023	-0.05979	-0.03864	-0.005336	0.2137	0.003109	-0.1566	-0.002224	-0.006579	0.1368	0.01464	0.01929	0.1028	0.006978	0.1829	-0.00589	0.07564	-0.02628	0.129	0.04879	0.04178	-0.07833	-0.154	-0.1907	0.05668	-0.1342	0.1191	-0.08654	-0.157	-0.09081	0.02449	0.02773	0.0565	-0.01598	-0.1048	0.105	-0.1803	-0.02666	-0.02727	-0.094	-0.007706	0.07381	-0.1132	0.09128
-0.1512	0.1477	0.08109	-0.01784	-0.00269	-0.03589	0.06016	-0.08271	0.1177	-0.06749	-0.04805	-0.003862	0.843	0.1442	-0.05645	0.001331	-0.07634	-0.03051	-0.1649	0.061	0.0977	0.1015	0.03825	0.06649	0.0331	-0.03509	0.09278	0.007408	-0.1443	0.0755	-0.09449	-0.1153	0.09117	0.1455	0.1108	-0.08008	0.09172	0.03195	-0.1479	0.06594	0.02912	-0.02033	0.08273	-0.0755	-0.1184	-0.02111	-0.1001	-0.004814	0.01718	0.08875	0.03949	-0.1611	-0.04524	-0.008048	0.03663	0.06614	0.06858	-0.1259	-0.07533	-0.1106	-0.043	0.04779	0.1226	-0.03681	-0.0204	0.04624	-0.0003041	0.1532	-0.02278	0.0681	-0.1454	0.06266	0.02352	0.06482	-0.09713	-0.007278	-0.05758	0.009275	0.04765	0.0518	0.01169	-0.09737	0.00104	0.005542	-0.08668	0.04451	-0.07532	-0.0879	0.01579	0.01879	-0.004217	0.05206	-0.0244	-0.1276	0.0576	-0.0008428	0.05957	0.02709	-0.05425	0.0636
0.109	0.0653	-0.03458	-0.02369	-0.0381	-0.08714	0.08304	-0.1841	-0.07195	0.07233	-0.06747	-0.05452	0.1442	1.139	0.04923	-0.08361	0.01205	0.07275	-0.08008	0.01674	-0.0768	-0.01414	0.1606	-0.05354	-0.03119	0.00439	-0.05977	0.001443	0.03743	0.05964	-0.2583	-0.06282	-0.0213	-0.07869	0.1958	0.04146	0.05478	-0.1038	-0.06085	0.05785	-0.04062	-0.067	-0.00753	-0.05435	-0.02968	0.02319	0.009818	0.1449	-0.005159	0.1566	-0.1618	-0.09882	0.04626	-0.04433	-0.06501	-0.03123	-0.01136	-0.1616	0.02428	-0.1539	0.1835	-0.1332	-0.1006	-0.1416	-0.108	0.06027	-0.1807	0.2229	-0.1736	0.03799	-0.06158	0.1089	0.02829	0.04448	-0.08016	0.07261	0.1324	0.01672	-0.06846	0.08233	-0.07033	0.04691	-0.01749	-0.115	0.03185	0.1646	-0.202	0.06234	-0.08726	0.007465	0.06439	0.1833	-0.06152	0.02714	-0.09727	0.01393	-0.09821	0.1423	0.08909	0.1463
0.06043	-0.04907	-0.05182	-0.08223	0.001928	0.1054	-0.02639	0.1734	-0.06809	0.03996	-0.1084	-0.162	-0.05645	0.04923	0.8905	-0.0323	-0.06083	0.01497	0.04315	0.09259	0.05505	0.04928	-0.2504	0.01437	0.1056	-0.1028	0.1034	0.01156	-0.07108	-0.03792	-0.0504	0.04244	0.109	0.06076	-0.1113	0.1201	0.1367	-0.2331	-0.05705	-0.001564	-0.08001	-0.06599	0.04594	-0.0158	-0.005837	0.05155	0.2067	-0.1837	-0.1553	-0.05369	-0.2016	0.05035	-0.03309	0.03201	0.1006	0.04438	-0.09743	-0.09845	-0.1003	-0.07111	-0.03339	-0.04201	0.1504	0.02501	-0.1362	-0.008426	-0.05647	0.006002	0.02222	0.1335	-0.05813	-0.1121	0.00658	0.05024	0.056	-0.006064	-0.0004309	0.05468	-0.06997	-0.00429	0.145	0.1077	-0.03689	0.01628	-0.02372	0.1624	-0.05961	0.1833	-0.03003	0.009965	-0.004405	0.03922	0.03386	0.06289	-0.05914	0.1486	0.07333	-0.03356	0.09332	0.09823
-0.1391	-0.04247	-0.01143	0.008778	0.1086	0.1403	-0.08445	-0.2041	-0.01847	-0.07762	-0.09649	-0.001719	0.001331	-0.08361	-0.0323	0.8199	0.02122	-0.147	0.04639	0.002282	-0.02161	0.02673	0.1403	0.1159	-0.1783	-0.04845	0.05775	0.01023	0.04023	-0.1054	0.09662	-0.02666	0.1991	-0.0695	-0.04399	-0.03198	0.02267	0.02466	-0.0217	-0.03017	0.04583	-0.08797	-0.007516	0.1225	0.03721	0.05982	0.03145	-0.04305	0.1441	0.04066	0.02973	-0.02721	-0.1147	-0.04277	-0.03333	0.01852	0.06365	0.1217	-0.1246	-0.03251	0.02877	0.1526	0.09705	-0.04669	0.0375	0.03252	0.2069	0.0458	0.03937	0.0541	0.02892	0.04717	0.05898	0.03893	0.04234	-0.01662	-0.011	-0.06208	0.005998	-0.0194	0.07074	0.09264	0.01991	0.01616	-0.01534	0.03396	0.003772	0.0596	-0.119	0.09123	0.04915	-0.008572	-0.02365	0.05301	0.007727	0.04422	0.1223	0.004734	-0.01666	-0.1479
0.06363	-0.01748	0.01634	0.01008	-0.03102	-0.1084	-0.06799	-0.006192	-0.04073	-0.1391	0.06029	0.04989	-0.07634	0.01205	-0.06083	0.02122	0.9697	0.0266	-0.1348	-0.07275	-0.03512	-0.1003	0.09961	0.1326	-0.002028	-0.07253	-0.1407	-0.04093	-0.07427	-0.05867	-0.06549	0.02117	-0.1253	0.04182	-0.03518	-0.009454	0.01322	0.01392	0.004439	-0.03907	-0.028	-0.1461	-0.1153	-0.1113	-0.1279	-0.07532	-0.04252	0.04572	-0.112	-0.03377	-0.04816	0.07803	-0.04298	0.04553	-0.1807	-0.01607	0.03394	0.1339	0.1805	0.1189	0.05522	-0.07845	-0.02536	-0.01043	-0.0784	0.01834	-0.005208	-0.05188	0.099	-0.1488	0.1588	-0.2464	0.1455	-0.01217	-0.004546	-0.2492	-0.03581	-0.03281	-0.05686	-0.02063	0.1076	-0.1279	0.04901	0.1219	-0.0712	-0.01099	0.1205	0.1243	-0.112	-0.07181	0.04807	-0.02052	0.109	-0.005597	-0.1858	-0.04588	0.03282	-0.07205	0.01495	-0.05012
0.01634	0.2278	0.01341	-0.04264	0.0003404	-0.1834	-0.01063	0.1289	-0.007285	0.0346	-0.06717	-0.2022	-0.03051	0.07275	0.01497	-0.147	0.0266	1.024	0.003321	-0.1641	0.04175	0.03741	-0.05299	-0.06728	0.03206	0.05012	-0.0311	0.0213	0.06034	-0.04693	-0.05257	-0.05907	0.05173	-0.01941	-0.02281	0.05518	-0.1055	-0.01791	0.0156	-0.08941	-0.01491	0.1288	-0.01219	-0.0232	-0.1382	0.02676	-0.161	0.07632	0.09535	0.07833	-0.01967	0.08267	0.03441	-0.1888	-0.04507	-0.0121	-0.05535	-0.07901	0.02175	0.02243	-0.05794	0.0588	-0.09727	0.07861	-0.1213	0.1053	-0.09766	-0.1386	0.1256	-0.05815	-0.0573	-0.06329	-0.1289	-0.06148	0.08922	-0.01069	-0.01516	-0.07618	0.07956	0.08246	-0.06225	0.066	-0.004471	0.08668	0.1006	0.0779	-0.04141	0.1782	0.01625	-0.04282	0.1567	-0.1177	0.01558	0.01575	-0.04452	0.05468	0.1024	-0.08819	-0.07837	-0.06037
-0.1317	-0.03728	0.0004298	0.05714	0.007439	0.174	-0.07525	-0.09331	-0.05778	0.06493	0.007629	0.01176	-0.1649	-0.08008	0.04315	0.04639	-0.1348	0.003321	1.111	0.03396	-0.06706	0.01239	0.1031	-0.01293	-0.07252	-0.007127	0.1635	-0.2987	0.1443	0.0503	-0.03347	0.04309	0.03664	-0.1034	-0.08242	0.0237	0.1461	-0.07752	0.05253	0.1134	-0.02196	0.09733	-0.1001	0.07908	0.1207	0.07469	0.1163	0.1348	-0.1249	0.033	0.1129	0.04568	0.003068	-0.01343	0.08783	-0.08911	-0.0959	-0.0535	-0.07358	-0.06917	0.08075	-0.02744	-0.1167	-0.02418	-0.08522	0.00557	0.01785	0.09157	0.1768	-0.02889	0.0679	-0.0908	-0.1348	-0.0261	0.1213	0.04677	-0.07179	0.09355	-0.111	-0.01714	0.1005	-0.1415	0.07047	-0.1135	-0.08829	-0.02732	0.02088	-0.01466	0.07307	0.001221	-0.1623	0.05556	-0.2184	0.02661	-0.04163	0.09466	0.1214	-0.09144	0.01657	-0.03383
-0.01743	-0.01824	-0.007113	0.1141	0.001261	0.01165	0.02461	-0.08475	-0.05078	0.04595	-0.1416	-0.02483	0.061	0.01674	0.09259	0.002282	-0.07275	-0.1641	0.03396	0.8302	0.1134	0.05306	-0.01087	0.02426	0.01018	0.1101	0.04056	0.004696	0.02602	-0.07301	0.05237	0.06645	-0.02669	0.1447	-0.03941	0.2199	0.004408	0.03946	-0.07439	0.07745	-0.05983	0.01073	0.002135	-0.08833	-0.0915	-0.06053	0.03994	-0.1369	-0.09861	0.05853	0.01385	0.009051	-0.1502	-0.09315	-0.01025	-0.00011	0.05575	-0.004249	0.01024	-0.04347	0.06483	-0.05087	0.01233	-0.01113	0.003913	-0.0783	0.01396	-0.01327	-0.0358	0.2277	-0.04246	-0.07983	-0.03925	-0.05495	-0.01521	0.0262	-0.07218	-0.02239	-0.09521	0.01374	0.03212	0.04459	-0.0453	0.05829	0.04728	0.1792	-0.09897	-0.02518	0.09292	0.03012	-0.1094	-0.02237	-0.1016	-0.074	0.06939	0.006388	-0.00915	-0.01575	0.00625	-0.06335
-0.1552	0.1294	-0.02826	-0.03647	-0.05725	-0.08063	-0.1202	0.2157	-0.1188	-0.07959	-0.01388	0.0669	0.0977	-0.0768	0.05505	-0.02161	-0.03512	0.04175	-0.06706	0.1134	0.9691	-0.08974	-0.1248	0.1103	-0.003347	0.01346	0.01014	0.1167	-0.01041	-0.1486	0.06616	0.007603	0.06211	0.03567	0.05633	-0.06469	0.0009534	-0.02588	-0.1292	-0.03126	-0.003236	0.06003	0.1969	0.06552	0.1374	-0.03943	-0.04363	0.02812	0.05258	-0.1045	0.06237	-0.06551	-0.07719	-0.0651	0.04984	-0.02732	0.01055	-0.04069	-0.02063	0.0001709	0.05891	0.04504	0.02866	0.113	-0.08864	-0.007041	0.07761	-0.05461	0.134	0.1125	-0.07782	0.117	0.05932	-0.0998	0.0531	-0.04041	-0.05547	0.07226	-0.0903	0.001867	-0.02625	-0.06395	-0.1016	-0.01018	0.07438	-0.04742	0.01147	0.09987	-0.04774	0.007112	-0.1031	0.005272	0.01094	-0.06002	-0.1022	0.009666	0.1301	-0.251	-0.1009	-0.09585
-0.003247	-0.1684	0.01995	-0.1758	-0.06364	-0.04789	-0.08317	-0.01036	0.06542	-0.06716	0.02445	-0.0183	0.1015	-0.01414	0.04928	0.02673	-0.1003	0.03741	0.01239	0.05306	-0.08974	0.9229	-0.1099	-0.03293	0.0155	0.1117	-0.0102	0.04855	-0.04587	0.04734	-0.06377	-0.1116	0.0874	0.03558	-0.1116	0.09737	-0.02906	0.009578	0.07498	0.02997	0.09244	0.004071	-0.03695	0.05155	-0.09714	0.01128	-0.05501	-0.117	0.009284	0.05921	0.07753	-0.09672	-0.09108	0.03073	0.06239	0.02619	0.009681	-0.1712	0.1609	0.03769	0.07944	0.1509	-0.018	0.02081	-0.02873	0.03105	-0.1602	-0.0843	0.01469	0.08916	-0.08744	0.03539	0.008701	-0.03334	-0.0801	-0.0696	0.0857	-0.06418	0.05981	0.03011	0.09293	0.1162	0.01378	-0.01461	-0.1308	0.1767	0.05216	0.06445	-0.03863	0.06656	-0.0576	0.01601	-0.01323	0.04436	-0.05462	0.08243	0.08521	0.02201	-0.07105	0.001136
-0.1259	0.0617	0.0944	0.1379	0.05455	0.1176	0.04104	-0.09554	0.04833	0.01976	0.0004829	0.1895	0.03825	0.1606	-0.2504	0.1403	0.09961	-0.05299	0.1031	-0.01087	-0.1248	-0.1099	1.063	0.06531	-0.09688	-0.07906	0.03281	-0.005543	-0.161	0.1576	-0.1007	0.01463	-0.09027	0.06614	0.1302	-0.05005	0.003288	0.0431	-0.02793	-0.0348	-0.007178	-0.05255	-0.08086	-0.001812	0.005955	-0.1015	-0.08937	0.008171	0.07735	0.07309	0.07585	-0.01033	0.01226	-0.1724	-0.02594	-0.1377	0.04655	0.01561	-0.03513	0.08727	0.2628	0.0102	-0.04397	-0.1109	0.01442	0.02836	-0.166	0.1458	0.06122	-0.1047	0.02156	0.01779	0.08012	-0.04308	0.09333	-0.08758	-0.08911	-0.107	-0.1021	-0.1313	-0.1121	-0.1066	0.1577	-0.02711	0.02601	-0.03603	-0.06719	0.06247	0.00826	-0.08878	-0.04347	-0.09025	-0.06581	-0.05665	-0.01875	0.02536	0.0001714	-0.0009579	-0.03874	0.02763
0.0628	0.04384	0.1044	0.01166	-0.04176	0.02778	-0.09286	-0.02249	-0.105	-0.2216	-0.1578	-0.07131	0.06649	-0.05354	0.01437	0.1159	0.1326	-0.06728	-0.01293	0.02426	0.1103	-0.03293	0.06531	0.835	-0.0163	-0.03584	0.01539	-0.02785	0.01853	-0.0986	-0.06379	0.1104	-0.04606	0.1296	0.04366	0.01697	0.0626	-0.08589	0.115	0.04661	0.02131	0.00945	0.0793	0.1643	-0.04763	-0.09662	0.0116	-0.01081	-0.05381	-0.05406	-0.02448	-0.08021	-0.04165	-0.2188	-0.2385	0.004912	-0.0167	0.005524	0.0489	-0.01304	0.05473	0.04461	-0.00565	0.03418	0.1392	-0.02351	-0.02861	0.03571	-0.01334	0.06557	-0.1384	0.03322	0.07958	0.1437	0.0141	-0.05938	-0.1511	0.06772	-0.1409	0.03732	0.1345	-0.04153	0.05523	0.01561	-0.01743	-0.05548	0.1808	0.07304	0.06898	-0.005486	0.07086	0.04996	0.09876	-0.008881	0.02587	-0.05218	0.0744	0.05985	-0.0242	-0.0697
0.02201	-0.000857	0.04577	0.02617	-0.00273	-0.1721	0.1171	0.04419	-0.07745	0.04231	0.07113	-0.1191	0.0331	-0.03119	0.1056	-0.1783	-0.002028	0.03206	-0.07252	0.01018	-0.003347	0.0155	-0.09688	-0.0163	0.9111	-0.0286	0.1304	0.06424	0.06479	0.08293	-0.02564	-0.0253	-0.05579	0.07104	-0.01508	0.07512	-0.01708	-0.03739	0.04152	-0.03991	-0.08182	-0.0657	-0.004445	-0.05525	-0.1092	-0.1684	0.07661	0.0475	-0.163	0.0902	-0.07422	0.1076	-0.03754	0.005226	-0.1111	0.06958	0.0838	-0.0507	-0.0483	-0.1127	0.01461	0.007751	0.007437	-0.03558	-0.01994	-0.002839	0.05719	-0.07459	0.05561	0.08959	0.08319	-0.04723	0.05311	0.05133	0.08455	0.06203	-0.008314	-0.02355	0.178	-0.1634	0.1225	0.007154	-0.1349	-0.1128	0.08997	0.04715	-0.03196	-0.04034	0.1099	-0.1338	-0.0211	-0.1666	0.1965	-0.1184	0.04339	0.1473	0.06698	0.01752	-0.01857	0.007856
0.01005	-0.008504	0.03536	0.05422	-0.06746	0.0604	-0.1045	-0.1819	0.04924	0.08476	-0.1413	-0.0118	-0.03509	0.00439	-0.1028	-0.04845	-0.07253	0.05012	-0.007127	0.1101	0.01346	0.1117	-0.07906	-0.03584	-0.0286	0.9991	0.02055	-0.107	0.01018	0.01199	-0.06317	-0.05232	-0.04237	-0.1141	0.1036	-0.126	-0.0005105	0.1491	0.05138	0.05332	-0.1291	0.1088	0.09373	-0.02674	0.09229	0.1078	0.06532	-0.03454	-0.009212	-0.1113	-0.08098	0.05239	-0.1606	-0.0294	-0.05766	0.08454	-0.03006	-0.1991	0.04229	-0.09771	-0.04293	-0.12	-0.08584	-0.1406	-0.05034	0.006401	0.02611	0.01534	0.0324	0.01077	-0.06814	0.05842	-0.06247	-0.1507	0.01341	0.01746	0.05723	0.1016	-0.08589	0.08021	-0.1076	0.1706	0.01093	-0.0005978	-0.04055	-0.03214	-0.04398	0.04078	-0.05888	-0.01728	0.1666	-0.02126	-0.004944	0.2016	0.02139	-0.1014	-0.1259	0.07575	0.07574	0.02172
-0.1976	0.08505	0.07055	-0.0508	0.09076	0.0008682	0.01497	0.07148	0.0296	-0.04743	0.007225	-0.09962	0.09278	-0.05977	0.1034	0.05775	-0.1407	-0.0311	0.1635	0.04056	0.01014	-0.0102	0.03281	0.01539	0.1304	0.02055	0.8751	-0.06471	0.106	0.165	-0.08743	0.1237	0.1125	0.07019	0.07305	0.149	-0.06192	0.03366	-0.02304	-0.04561	0.007669	-0.03721	0.05695	0.01345	0.0115	0.04939	0.07306	-0.04753	-0.05789	0.04979	-0.07327	-0.158	-0.002889	-0.02155	-0.01119	0.01684	0.1157	0.04303	-0.001227	0.01463	0.08697	0.02828	0.1212	-0.07714	0.07845	-0.01888	0.03256	-0.02947	0.0837	0.1975	-0.03954	-0.06005	-0.003789	0.1095	-0.05517	0.09741	-0.05914	-0.04004	0.06061	0.08346	0.09896	0.05172	-0.1144	0.0517	0.1567	0.1014	-0.1141	-0.01972	-0.03652	0.04755	-0.02524	0.04875	-0.04087	0.048	0.08607	-0.1542	-0.02573	-0.1112	-0.2023	-0.09014
0.04757	0.1858	0.01993	-0.1616	-0.0009217	0.08768	-0.01666	0.08348	-0.04817	0.06307	0.07806	0.03965	0.007408	0.001443	0.01156	0.01023	-0.04093	0.0213	-0.2987	0.004696	0.1167	0.04855	-0.005543	-0.02785	0.06424	-0.107	-0.06471	0.8806	-0.09739	0.0303	0.1263	-0.09781	0.04785	-0.0657	0.05339	0.1086	-0.08146	0.01282	-0.03422	0.05634	0.06467	-0.1204	-0.07005	0.03253	-0.09758	-0.005017	-0.0005838	-0.05227	-0.01776	0.0708	0.08528	-0.04664	-0.1114	-0.1345	0.04065	-0.03276	-0.05375	0.04787	-0.04971	0.1664	0.03492	0.154	0.05679	0.04514	0.03734	0.153	-0.005463	-0.01704	0.03478	0.05431	0.177	0.005916	0.09579	-0.01444	0.1084	-0.1639	-0.03399	-0.04788	0.1057	-0.03949	0.06534	0.01233	0.08484	0.06456	0.06902	0.01277	0.03377	0.07771	-0.07372	-0.03849	-0.04797	0.03428	0.142	0.04514	0.03485	-0.0526	-0.07318	0.02	0.04289	0.02583
0.05014	0.0183	-0.1335	0.1069	-0.1594	0.04988	0.07814	-0.1794	-0.09882	-0.0505	-0.127	0.05185	-0.1443	0.03743	-0.07108	0.04023	-0.07427	0.06034	0.1443	0.02602	-0.01041	-0.04587	-0.161	0.01853	0.06479	0.01018	0.106	-0.09739	0.9614	-0.02615	-0.05611	0.04069	-0.01234	0.05326	0.01169	-0.03519	-0.0791	0.04856	0.0391	-0.002164	-0.1015	0.09432	-0.1093	-0.003149	0.09582	0.1587	-0.1244	0.05066	-0.06996	-0.04618	0.05714	0.0427	-0.07967	-0.009109	-0.07345	0.04238	-0.05808	0.03781	-0.05372	-0.01839	-0.05369	-0.104	-0.08414	0.0129	0.01208	0.1316	0.07672	-0.04621	0.005592	0.05299	0.05985	-0.01115	-0.01784	-0.02943	-0.03033	0.1824	0.01842	-0.1052	-0.001026	0.09707	0.02193	-0.04223	-0.009696	-0.02238	0.05732	-0.03059	0.03909	0.0854	-0.03992	0.07132	0.06282	0.2806	-0.05066	-0.03202	0.1783	0.004941	0.002024	0.1071	-0.01393	-0.03165
0.04181	0.04069	0.09356	-0.06654	-0.02342	0.002773	-0.08491	-0.2544	0.0245	0.0532	0.1016	0.1136	0.0755	0.05964	-0.03792	-0.1054	-0.05867	-0.04693	0.0503	-0.07301	-0.1486	0.04734	0.1576	-0.0986	0.08293	0.01199	0.165	0.0303	-0.02615	1.372	0.1283	-0.09094	0.1227	-0.1002	0.1001	-0.02526	-0.003689	0.1393	-0.1813	-0.0709	0.006372	-0.0545	-0.1483	0.1355	-0.01459	0.1201	-0.1377	0.03564	-0.01249	-0.1023	0.09053	0.01672	-0.04959	0.1459	0.1594	-0.06262	-0.008641	-0.1581	0.05173	0.01569	0.1389	0.0179	0.06178	-0.05572	0.07616	0.09869	0.05449	0.1061	-0.04647	0.09423	-0.04643	-0.1523	-0.01331	0.1544	0.1239	-0.0131	0.1844	0.05441	-0.03401	-0.0112	0.1001	0.02904	0.07831	-0.008397	-0.08315	-0.01237	0.04151	-0.01748	0.06076	-0.07144	0.05568	0.1469	0.01151	0.1121	-0.1394	-0.09848	-0.1126	-0.01515	0.0665	0.1414
-0.08018	0.03986	0.01986	0.01808	0.00794	0.1391	-0.001551	0.05825	-0.1109	0.05245	0.04366	-0.04163	-0.09449	-0.2583	-0.0504	0.09662	-0.06549	-0.05257	-0.03347	0.05237	0.06616	-0.06377	-0.1007	-0.06379	-0.02564	-0.06317	-0.08743	0.1263	-0.05611	0.1283	0.9621	-0.2209	0.06081	-0.1162	-0.07815	-0.1567	-0.1516	0.02353	-0.1122	0.09492	0.001975	-0.1389	-0.1033	0.05546	0.04581	-0.1532	0.1076	-0.08518	-0.02308	0.05653	0.1086	-0.003464	0.0437	0.07738	0.1019	-0.1154	0.04044	0.08623	-0.005418	-0.05335	-0.03634	0.1031	-0.06144	0.02086	0.2345	0.1418	0.002065	0.03773	-0.1628	0.1955	0.07871	-0.009911	-0.07564	-0.05307	0.1465	-0.05513	0.01644	0.08886	0.06949	-0.1123	0.1097	0.08767	0.09287	0.1201	0.03313	-0.1059	-0.0593	-0.2129	-0.0971	0.07627	0.0789	-0.05318	-0.0419	-0.09538	-0.0375	-0.06529	-0.02549	0.01678	0.02619	-0.136
0.03622	-0.07893	0.1042	0.01892	0.1518	0.1043	-0.005098	-0.08506	-0.1397	-0.05408	0.03286	-0.106	-0.1153	-0.06282	0.04244	-0.02666	0.02117	-0.05907	0.04309	0.06645	0.007603	-0.1116	0.01463	0.1104	-0.0253	-0.05232	0.1237	-0.09781	0.04069	-0.09094	-0.2209	1.071	-0.1206	0.07042	-0.006477	-0.007747	-0.1261	0.1428	0.1351	-0.0341	-0.1344	0.06577	-0.005249	-0.08862	-0.06692	0.04528	0.08859	-0.02834	-0.1253	-0.0963	-0.1381	-0.1487	0.0625	-0.06119	0.01299	-0.07742	-0.1234	0.02274	0.04096	0.09137	-0.01618	0.0303	0.03629	-0.01845	0.1737	-0.1061	0.05262	-0.05125	0.06611	-0.006007	0.03617	0.06561	0.109	0.1382	-0.01393	-0.001458	-0.05124	-0.06377	-0.02096	0.146	-0.1535	0.09554	0.02099	-0.01039	0.04593	-0.06435	0.05549	0.0381	0.05848	-0.08771	-0.1163	-0.09456	0.09067	-0.02693	0.1076	-0.03128	0.01668	0.1193	-0.1175	-0.05127
-0.02305	-0.01527	0.005014	0.03861	-0.02711	-0.03818	-0.09982	0.02724	-0.02411	0.007307	0.09757	0.02427	0.09117	-0.0213	0.109	0.1991	-0.1253	0.05173	0.03664	-0.02669	0.06211	0.0874	-0.09027	-0.04606	-0.05579	-0.04237	0.1125	0.04785	-0.01234	0.1227	0.06081	-0.1206	0.9481	-0.01502	-0.1108	0.01344	0.1395	0.04871	-0.1013	0.08671	0.04743	-0.06128	0.01244	0.007222	0.1318	0.02466	0.001207	0.06923	0.08699	0.02371	-0.02417	-0.004273	0.1112	0.05796	0.1609	0.0119	-0.006242	-0.06226	-0.02355	-0.06024	-0.1611	0.07762	0.1189	-0.09568	-0.1239	-0.02018	-0.01701	0.04488	0.05366	0.1449	-0.1502	0.05084	0.02921	0.05506	0.02459	-0.09501	-0.04164	-0.2087	-0.03037	-0.00799	-0.01698	-0.09931	0.08423	0.1714	0.0812	-0.02853	-0.02155	0.1302	-0.09075	0.05751	-0.04164	0.1544	-0.03094	0.08792	0.03338	-0.1197	0.04143	-0.04603	-0.07996	-0.1065
-0.1288	-0.01059	0.1042	0.01495	-0.1043	0.01315	-0.004585	0.1027	0.05255	-0.004539	0.003125	0.02255	0.1455	-0.07869	0.06076	-0.0695	0.04182	-0.01941	-0.1034	0.1447	0.03567	0.03558	0.06614	0.1296	0.07104	-0.1141	0.07019	-0.0657	0.05326	-0.1002	-0.1162	0.07042	-0.01502	0.9632	-0.067	0.02051	-0.0304	0.08179	-0.03116	-0.1166	-0.08895	0.1387	0.07202	-0.06592	-0.1609	-0.06322	-0.1577	-0.06949	-0.06138	0.03221	0.08732	-0.0169	-0.01016	-0.09133	-0.1145	-0.05365	-0.09181	0.06463	-0.07484	-0.04877	0.02473	0.04227	-0.07115	0.05588	-0.04377	-0.03477	-0.1563	-0.1628	-0.01491	-0.06843	-0.1067	-0.1815	-0.02712	-0.01745	-0.02272	0.03029	-0.01044	-0.001865	0.1064	0.1121	-0.01966	0.02645	0.1415	0.143	0.03953	-0.03568	-0.0243	0.06043	-0.1325	0.002052	-0.2926	0.03823	0.103	0.02382	0.06302	0.09242	0.06876	0.01921	-0.129	0.1667
-0.08188	0.2403	-0.07899	-0.01462	-0.01474	0.009757	0.07911	0.042	0.02037	-0.1471	-0.04329	0.0003137	0.1108	0.1958	-0.1113	-0.04399	-0.03518	-0.02281	-0.08242	-0.03941	0.05633	-0.1116	0.1302	0.04366	-0.01508	0.1036	0.07305	0.05339	0.01169	0.1001	-0.07815	-0.006477	-0.1108	-0.067	0.9419	-0.07854	0.1259	0.08043	-0.07277	0.009205	-0.1147	0.06862	0.04052	0.002686	0.01348	0.2114	-0.01396	0.1084	0.08352	-0.03808	0.01446	-0.04757	-0.02829	-0.00075	-0.1317	-0.05074	-0.05921	-0.003495	0.1097	0.04527	-0.008402	-0.0123	0.02255	0.0302	-0.05125	-0.0715	-0.07155	0.09996	0.009998	0.05162	-0.02668	0.1391	-0.06021	0.04001	0.02533	0.04209	0.01552	-0.05107	0.03057	-0.01572	-0.104	0.05435	-0.1285	-0.09363	-0.1409	-0.03678	0.06745	-0.1014	-0.07546	0.09561	0.1095	-0.09783	0.01692	-0.1048	0.113	-0.06009	-0.03958	0.06589	-0.07101	0.2948
-0.03101	-0.005391	-0.112	-0.04948	0.02695	-0.02871	-0.06231	-0.01084	0.07004	0.04197	0.1296	-0.0004565	-0.08008	0.04146	0.1201	-0.03198	-0.009454	0.05518	0.0237	0.2199	-0.06469	0.09737	-0.05005	0.01697	0.07512	-0.126	0.149	0.1086	-0.03519	-0.02526	-0.1567	-0.007747	0.01344	0.02051	-0.07854	0.9975	0.1488	-0.1084	0.06396	-0.0843	0.03505	-0.01886	-0.1191	-0.07127	-0.0191	0.01129	-0.0314	0.01464	-0.07402	0.1082	-0.08516	0.08193	-0.1529	-0.1381	0.05862	0.1082	0.07323	0.01981	0.1605	-0.08661	-0.03264	-0.02125	-0.002457	-0.03034	-0.01259	-0.06223	0.03547	-0.07074	0.07413	0.07112	-0.004075	-0.05936	0.001584	-0.1309	0.07638	0.111	-0.02037	-0.15	-0.009089	0.04622	0.05282	0.06921	-0.007887	0.02316	-0.0004424	0.1147	-0.05275	0.03013	-0.04843	0.01876	-0.03678	0.02424	-0.03431	0.1265	0.09406	0.02333	0.0303	-0.04582	-0.1068	-0.0005986
-0.05474	0.0117	-0.04478	0.1026	0.01861	0.08763	-0.1311	0.04364	0.1212	0.09211	-0.1102	0.1076	0.09172	0.05478	0.1367	0.02267	0.01322	-0.1055	0.1461	0.004408	0.0009534	-0.02906	0.003288	0.0626	-0.01708	-0.0005105	-0.06192	-0.08146	-0.0791	-0.003689	-0.1516	-0.1261	0.1395	-0.0304	0.1259	0.1488	0.9856	-0.1819	0.02074	0.1809	-0.06177	-0.1757	0.05929	-0.01712	0.1251	0.1373	0.0004461	0.1069	-0.1565	-0.2232	-0.09097	-0.04044	0.1715	0.1067	0.0235	-0.009253	-0.05282	-0.02513	0.09351	-0.1809	0.03081	-0.11	-0.000976	-0.0584	-0.2245	-0.07496	-0.009877	0.09341	0.005989	-0.05291	-0.1338	-0.06501	0.142	0.02529	0.02465	-0.0518	-0.0588	0.01395	-0.1285	-0.01819	-0.1465	-0.1108	-0.06627	0.07363	-0.1059	-0.2576	0.1466	-0.01471	0.06843	0.09745	0.004754	-0.1203	-0.1248	0.08154	0.1075	0.002608	0.1018	-0.08703	-0.04604	0.09999
-0.1145	-0.00192	0.1029	0.07162	-0.07961	0.04872	0.04554	-0.06	-0.03745	-0.07902	0.06096	0.01132	0.03195	-0.1038	-0.2331	0.02466	0.01392	-0.01791	-0.07752	0.03946	-0.02588	0.009578	0.0431	-0.08589	-0.03739	0.1491	0.03366	0.01282	0.04856	0.1393	0.02353	0.1428	0.04871	0.08179	0.08043	-0.1084	-0.1819	0.9462	-0.03372	0.001023	-0.0457	0.07818	-0.06315	0.03278	-0.1921	-0.004079	-0.1106	-0.06436	-0.02877	-0.07777	0.005051	-0.1149	-0.1194	0.06486	-0.09381	0.0198	-0.04079	0.03362	0.06881	0.03847	0.007126	0.07571	0.0764	-0.03804	-0.04827	0.1071	-0.06558	0.1977	0.1636	-0.06954	-0.04546	-0.02517	0.1026	-0.03092	-0.0673	-0.07212	0.04765	-0.1167	0.1095	0.101	-0.1354	-0.09457	-0.01189	0.0178	0.07291	-0.09687	-0.03375	0.009417	-0.006738	-0.0437	0.01123	0.05051	0.05423	0.1024	-0.09941	-0.1147	0.1499	0.1077	-0.06565	-0.04072
0.08164	-0.04431	-0.03727	-0.06618	0.2091	-0.1045	-0.1111	-0.1046	-0.1246	-0.07218	-0.007112	0.07752	-0.1479	-0.06085	-0.05705	-0.0217	0.004439	0.0156	0.05253	-0.07439	-0.1292	0.07498	-0.02793	0.115	0.04152	0.05138	-0.02304	-0.03422	0.0391	-0.1813	-0.1122	0.1351	-0.1013	-0.03116	-0.07277	0.06396	0.02074	-0.03372	1.079	0.01094	-0.08022	-0.1301	-0.07763	0.03905	0.1409	0.09585	0.05231	-0.05093	-0.009351	-0.07579	-0.04004	-0.009266	0.0223	-0.08335	-0.001766	0.02575	0.05235	0.08811	0.03227	0.03287	-0.05558	-0.01668	0.005393	-0.05038	0.1393	0.04634	-0.0003186	-0.04086	-0.01549	0.004665	0.1759	-0.08638	-0.07048	0.04295	0.05845	0.01516	-0.1072	0.08378	-0.1915	0.007575	-0.06476	0.04917	0.02754	-0.03541	0.09003	-0.156	0.08574	0.0009942	-0.1128	0.05765	0.08945	-0.02748	0.0745	0.06027	0.1235	-0.04769	0.06485	0.09778	-0.08208	0.01955
-0.0747	-0.0319	-0.06788	0.03041	-0.08811	0.04868	-0.1147	0.03111	-0.1947	0.1973	-0.1	-0.04333	0.06594	0.05785	-0.001564	-0.03017	-0.03907	-0.08941	0.1134	0.07745	-0.03126	0.02997	-0.0348	0.04661	-0.03991	0.05332	-0.04561	0.05634	-0.002164	-0.0709	0.09492	-0.0341	0.08671	-0.1166	0.009205	-0.0843	0.1809	0.001023	0.01094	1.027	0.009393	-0.07237	-0.008913	-0.01891	0.1327	0.01491	-0.04463	-0.0466	-0.1964	-0.04172	0.1686	-0.05046	0.04037	0.05711	0.08861	0.1221	-0.006837	-0.02407	-0.1095	0.07329	-0.1258	0.0621	-0.04541	0.0628	0.186	-0.07837	0.02461	0.06945	0.03305	-0.00032	-0.02738	0.06831	-0.07407	0.05547	0.03719	-0.006087	-0.1215	-0.06416	-0.03869	0.1092	0.09452	-0.1567	0.07977	0.0007975	-0.002178	-0.03123	0.1089	-0.006252	-0.0426	-0.07602	0.02873	-0.151	0.03224	0.004698	0.04308	0.1649	0.1094	0.06134	0.01107	0.03732
0.07044	0.008403	-0.05381	-0.03636	-0.1391	0.1881	0.05956	0.1605	0.009377	-0.1527	0.09164	0.03801	0.02912	-0.04062	-0.08001	0.04583	-0.028	-0.01491	-0.02196	-0.05983	-0.003236	0.09244	-0.007178	0.02131	-0.08182	-0.1291	0.007669	0.06467	-0.1015	0.006372	0.001975	-0.1344	0.04743	-0.08895	-0.1147	0.03505	-0.06177	-0.0457	-0.08022	0.009393	0.9776	-0.07425	-0.05748	0.1134	0.05607	-0.01569	0.06036	0.006015	0.1053	0.06695	0.07086	0.03226	-0.09182	0.07098	0.1154	0.08094	-0.02123	-0.1134	0.001062	0.1406	0.02245	0.0879	0.1244	0.02069	-0.005463	-0.1642	0.07873	-0.02067	-0.113	-0.006813	-0.04225	0.09906	0.02589	-0.01829	-0.004961	-0.07318	0.07174	-0.03907	0.006945	0.1088	-0.06287	-0.1796	0.04803	-0.1053	-0.1191	0.0908	-0.06077	0.08626	-0.08479	-0.01926	-0.2411	-0.1364	-0.004096	-0.1615	-0.06698	-0.04982	-0.05383	-0.003437	-0.03316	0.01076
0.06702	0.02885	0.002518	0.03646	-0.1785	-0.0227	-0.08015	-0.03683	0.09318	-0.07038	-0.0281	-0.05484	-0.02033	-0.067	-0.06599	-0.08797	-0.1461	0.1288	0.09733	0.01073	0.06003	0.004071	-0.05255	0.00945	-0.0657	0.1088	-0.03721	-0.1204	0.09432	-0.0545	-0.1389	0.06577	-0.06128	0.1387	0.06862	-0.01886	-0.1757	0.07818	-0.1301	-0.07237	-0.07425	0.8407	0.07595	-0.09228	0.03738	0.04415	-0.0457	0.04009	0.09772	0.08512	-0.02286	0.07989	-0.1422	-0.114	-0.2487	-0.007514	-0.09728	-0.002004	0.0204	-0.001152	-0.09135	-0.03969	-0.05255	-0.02516	0.02227	-0.04086	-0.1052	-0.07517	0.1089	-0.06606	-0.08448	-0.003281	0.03763	0.1343	-0.01098	0.1135	0.05628	0.1132	0.07577	0.03527	-0.04319	0.06046	-0.01387	0.06481	-0.1097	0.05033	0.05756	-0.05934	0.05026	-0.12	-0.0283	0.03975	-0.0428	0.01133	0.1037	0.0967	0.01378	0.09831	0.03483	0.1337
-0.06233	-0.09632	0.0919	0.07254	-0.08872	0.05771	0.02302	-0.06783	0.2072	0.1144	-0.08588	-0.0684	0.08273	-0.00753	0.04594	-0.007516	-0.1153	-0.01219	-0.1001	0.002135	0.1969	-0.03695	-0.08086	0.0793	-0.004445	0.09373	0.05695	-0.07005	-0.1093	-0.1483	-0.1033	-0.005249	0.01244	0.07202	0.04052	-0.1191	0.05929	-0.06315	-0.07763	-0.008913	-0.05748	0.07595	0.9106	-0.002395	-0.03554	0.04702	0.1049	-0.03902	0.06806	-0.06489	-0.01761	-0.09565	0.01732	-0.01952	0.01323	-0.04051	0.05401	-0.05122	-0.01751	0.006562	-0.02676	0.1044	-0.08996	0.1025	0.0757	-0.01879	0.1164	-0.1762	0.08986	-0.03024	-0.02706	0.07182	-0.005925	0.07899	-0.01019	0.04799	-0.161	-0.1343	0.1463	0.08239	-0.07642	0.001185	-0.1658	-0.09161	0.08079	-0.05596	0.03049	-0.04105	0.02284	0.06147	-0.07168	-0.1135	-0.06513	-0.002278	-0.007861	-0.05076	0.02617	-0.09275	0.05652	0.006182
-0.07832	0.1029	0.02595	-0.0578	-0.01762	0.04107	-0.1225	0.1371	-0.1255	0.1603	0.1043	-0.04188	-0.0755	-0.05435	-0.0158	0.1225	-0.1113	-0.0232	0.07908	-0.08833	0.06552	0.05155	-0.001812	0.1643	-0.05525	-0.02674	0.01345	0.03253	-0.003149	0.1355	0.05546	-0.08862	0.007222	-0.06592	0.002686	-0.07127	-0.01712	0.03278	0.03905	-0.01891	0.1134	-0.09228	-0.002395	0.9429	0.1116	-0.004067	-0.06756	-0.002623	0.09856	-0.1392	0.0731	0.03013	-0.155	-0.03262	0.04991	0.03096	0.08216	-0.04213	0.0286	0.2075	0.0187	-0.05123	0.0229	-0.02023	0.03989	0.03294	-0.1801	0.06139	0.05607	0.08438	-0.02944	0.1349	0.07936	0.02403	-0.1506	-0.1129	-0.04998	0.03885	-0.1421	0.05663	0.07219	-0.03817	-0.02337	0.07134	0.01541	-0.05122	0.05686	-0.03602	0.01148	0.1522	-0.07647	-0.06856	-0.02698	0.05197	0.06153	-0.01033	-0.002093	-0.0235	0.07749	-0.03281
0.0153	-0.04985	-0.01653	-0.0194	-0.01906	-0.05303	-0.04605	0.02809	-0.0645	0.03639	0.04607	-0.02005	-0.1184	-0.02968	-0.005837	0.03721	-0.1279	-0.1382	0.1207	-0.0915	0.1374	-0.09714	0.005955	-0.04763	-0.1092	0.09229	0.0115	-0.09758	0.09582	-0.01459	0.04581	-0.06692	0.1318	-0.1609	0.01348	-0.0191	0.1251	-0.1921	0.1409	0.1327	0.05607	0.03738	-0.03554	0.1116	0.9827	-0.02613	0.04484	0.0408	0.09963	-0.1396	0.0454	-0.01161	0.003595	0.02507	0.01644	-0.009059	-0.06039	-0.08584	-0.01665	-0.1112	-0.03872	-0.1464	-0.02709	-0.08648	0.03018	-0.1015	-0.06016	-0.1281	0.0006568	-0.00618	-0.1074	0.112	0.07491	0.06896	0.05037	-0.1046	-0.05948	0.007525	-0.07321	-0.08639	-0.0561	0.005471	0.04413	0.06928	-0.006241	-0.08578	-0.0285	-0.05425	-0.19	-0.02055	0.008362	-0.03528	0.006852	-0.1025	0.123	0.1025	-0.09319	-0.04676	-0.02552	0.133
0.06208	-0.0889	-0.08636	0.04122	0.008481	0.05114	0.03709	-0.177	0.01423	0.02406	-0.06728	-0.04803	-0.02111	0.02319	0.05155	0.05982	-0.07532	0.02676	0.07469	-0.06053	-0.03943	0.01128	-0.1015	-0.09662	-0.1684	0.1078	0.04939	-0.005017	0.1587	0.1201	-0.1532	0.04528	0.02466	-0.06322	0.2114	0.01129	0.1373	-0.004079	0.09585	0.01491	-0.01569	0.04415	0.04702	-0.004067	-0.02613	0.9642	-0.04664	-0.0771	0.112	-0.162	0.0189	-0.08441	0.0266	0.006333	0.1183	-0.04507	-0.06828	0.02147	0.07977	0.03065	-0.151	-0.01811	0.04223	0.02465	-0.1116	-0.05404	-0.05892	0.07933	-0.04104	-0.01503	0.006178	-0.05584	-0.1377	-0.09976	0.04102	0.07195	0.02312	-0.01987	0.141	0.1578	-0.1607	0.08267	0.05118	0.05182	0.06492	-0.1453	0.02464	0.1825	-0.1137	0.0582	0.06385	0.09639	-0.1264	0.1364	0.004896	-0.04019	-0.102	0.07369	-0.05928	0.1556
0.08493	-0.1468	0.04634	0.1416	-0.05217	-0.05236	0.01222	0.0458	-0.07428	-0.1303	0.04184	-0.2021	-0.1001	0.009818	0.2067	0.03145	-0.04252	-0.161	0.1163	0.03994	-0.04363	-0.05501	-0.08937	0.0116	0.07661	0.06532	0.07306	-0.0005838	-0.1244	-0.1377	0.1076	0.08859	0.001207	-0.1577	-0.01396	-0.0314	0.0004461	-0.1106	0.05231	-0.04463	0.06036	-0.0457	0.1049	-0.06756	0.04484	-0.04664	1.145	0.04866	-0.003239	-0.04483	-0.2193	0.1234	0.06865	0.04754	-0.08833	-0.01886	0.05413	0.1217	0.05199	-0.04993	-0.02053	0.1394	0.01008	-0.00806	0.07888	-0.06714	0.03668	0.1465	-0.2128	0.004121	0.04	0.2102	0.1613	-0.06036	-0.02675	-0.002066	0.03216	0.1318	-0.02747	-0.03243	-0.03078	0.005751	-0.03473	0.2258	0.009308	0.1644	-0.04935	-0.07566	-0.03952	0.1572	-0.1879	-0.06422	-0.05399	0.02937	-0.02415	-0.01354	-0.1799	-0.05129	-0.001266	-0.01633
0.01723	0.07058	0.1106	0.03204	-0.1093	-0.1378	0.01863	-0.1115	-0.03779	-0.04286	0.07424	-0.02832	-0.004814	0.1449	-0.1837	-0.04305	0.04572	0.07632	0.1348	-0.1369	0.02812	-0.117	0.008171	-0.01081	0.0475	-0.03454	-0.04753	-0.05227	0.05066	0.03564	-0.08518	-0.02834	0.06923	-0.06949	0.1084	0.01464	0.1069	-0.06436	-0.05093	-0.0466	0.006015	0.04009	-0.03902	-0.002623	0.0408	-0.0771	0.04866	1.062	-0.07218	0.1233	0.008332	-0.003648	0.03894	0.02539	-0.008211	-0.00593	0.00886	-0.027	-0.01244	-0.164	-0.02039	-0.0273	-0.1095	-0.0893	-0.03911	-0.03477	0.09191	-0.08864	-0.1088	-0.08352	0.1219	0.258	-0.01642	0.05727	0.04977	0.006535	-0.1069	-0.08046	-0.02352	-0.1089	-0.1071	-0.0328	0.03627	-0.09939	0.005568	-0.05792	-0.03014	-0.1575	0.06495	0.2005	-0.005209	-0.07455	0.01376	-0.02176	-0.04297	-0.05406	0.02731	-0.03155	0.09743	0.08985
